1761452143331 0.005781015146259683 50
1761452640392 0.011562030292519366 100
1761453132099 0.01734304543877905 150
1761453619162 0.02312406058503873 200
1761457528408 0.02312406058503873 200
1761458013593 0.028905075731298416 250
1761458521437 0.0346860908775581 300
1761459020350 0.040467106023817784 350
1761459501285 0.04624812117007746 400
1761463370030 0.04624812117007746 400
1761463872728 0.05202913631633715 450
1761464357365 0.05781015146259683 500
1761464836028 0.06359116660885651 550
1761465297578 0.0693721817551162 600
1761469200289 0.0693721817551162 600
1761469703675 0.07515319690137588 650
1761470165544 0.08093421204763557 700
1761470640847 0.08671522719389525 750
1761471131254 0.09249624234015492 800
1761474932556 0.09249624234015492 800
1761475416380 0.09827725748641461 850
1761475892916 0.1040582726326743 900
1761476361900 0.10983928777893398 950
1761476820779 0.11562030292519367 1000
