1761452143331 5.764647483825684 50
1761452640392 2.719925880432129 100
1761453132099 1.6992758512496948 150
1761453619162 1.4626269340515137 200
1761458013593 0.8883402347564697 250
1761458521437 3.363154172897339 300
1761459020350 1.5136727094650269 350
1761459501285 5.959038257598877 400
1761463872728 2.5686559677124023 450
1761464357365 8.951226234436035 500
1761464836028 3.457665205001831 550
1761465297578 2.672278881072998 600
1761469703675 2.424281597137451 650
1761470165544 2.618940830230713 700
1761470640847 3.668776512145996 750
1761471131254 2.050863027572632 800
1761475416380 4.615896224975586 850
1761475892916 2.13202166557312 900
1761476361900 1.0433851480484009 950
1761476820779 0.856621503829956 1000
