1761452143331 2.45e-05 50
1761452640392 4.9500000000000004e-05 100
1761453132099 4.98575415746017e-05 150
1761453619162 4.971217583439935e-05 200
1761458013593 4.9566810094197005e-05 250
1761458521437 4.942144435399465e-05 300
1761459020350 4.92760786137923e-05 350
1761459501285 4.913071287358996e-05 400
1761463872728 4.8985347133387606e-05 450
1761464357365 4.8839981393185255e-05 500
1761464836028 4.8694615652982904e-05 550
1761465297578 4.854924991278056e-05 600
1761469703675 4.840388417257821e-05 650
1761470165544 4.825851843237586e-05 700
1761470640847 4.811315269217351e-05 750
1761471131254 4.796778695197116e-05 800
1761475416380 4.782242121176882e-05 850
1761475892916 4.767705547156646e-05 900
1761476361900 4.7531689731364114e-05 950
1761476820779 4.738632399116176e-05 1000
